1	160771197	-0.11090500000000003
1	160771761	0.10996000000000003
1	160771991	0.00208822
1	160773029	0.110905
1	160773346	0.148522
1	160773957	0.06184600000000001
1	160775014	0.023771360000000002
1	160775234	-0.01773559
1	160775335	-0.03372619999999999
1	160775632	0.17495299999999997
1	160776159	-0.033840699999999994
1	160776541	0.06184600000000001
1	160776555	0.148522
1	160776642	-0.14631900000000003
1	160776687	-0.14411599999999997
1	160776812	-0.009039400000000001
1	160777336	-0.0266606
1	160777529	-0.004519690000000001
1	160777548	0.08736200000000002
1	160778415	-0.006722389999999999
1	160779195	-0.13298799999999994
1	160779412	0.110905
1	160779495	0.11216300000000001
1	160780555	-0.008667999999999995
1	160780965	0.059528
1	160781010	0.017277860000000003
1	160782100	0.10996000000000003
1	160782150	0.017277860000000003
1	160782228	0.17263600000000007
1	160782231	0.17263600000000007
1	160782593	0.0042908700000000004
1	160782942	0.10996000000000003
1	160783015	0.003947599999999999
1	160783374	0.003947599999999999
1	160783931	0.00208822
1	160785991	-0.14620399999999995
1	160786670	-0.14620399999999995
1	160787057	-0.059528000000000025
1	160787725	-0.13936700000000002
1	160787900	-0.040334199999999994
1	160788131	0.079839
1	160788217	-0.14156999999999997
1	160788500	-0.059528000000000025
1	160789308	-0.059528000000000025
1	160789421	-0.05732599999999999
1	160789551	-0.15015199999999995
1	160790248	-0.05732599999999999
1	160790411	-0.05732599999999999
1	160790461	-0.0310659
1	160790975	0.00858171
1	160791411	-0.05732599999999999
1	160791680	-0.0288632
1	160791778	0.05732599999999999
1	160791880	-0.05512300000000003
1	160791892	-0.05732599999999999
1	160792241	-0.05732599999999999
1	160792263	-0.028461999999999987
1	160792659	-0.05732599999999999
1	160792722	0.0018594000000000006
1	160793442	-0.05732599999999999
1	160793560	-0.05512300000000003
1	160793962	-0.059528000000000025
1	160794288	-0.0310659
1	160794456	-0.05732599999999999
1	160794497	-0.04863000000000006
1	160794709	-0.05941399999999997
1	160794722	-0.05941399999999997
1	160795091	-0.0310659
1	160796327	0.0042908700000000004
1	160796669	0.0074375
1	160797323	-0.028348999999999958
1	160797411	0.029921699999999996
1	160797514	-0.028348999999999958
1	160797684	-0.023942999999999937
1	160798126	-0.03495599999999999
1	160798195	-0.0046341
1	160798209	-0.05941399999999997
1	160798499	-0.00892499
1	160799274	0.10996000000000003
1	160800240	-0.024457900000000005
1	160800480	-0.03495599999999999
1	160800559	0.110905
1	160801046	-0.15455699999999994
1	160801172	-0.0046341
1	160801338	-0.0046341
1	160801491	0.05563800000000002
1	160801727	-0.0056638999999999995
1	160801965	-0.0046341
1	160802056	0.0042908700000000004
1	160802314	0.0149608
1	160803718	-0.0056638999999999995
1	160803735	-0.0056638999999999995
1	160803802	0.07800800000000002
1	160804246	0.08021100000000003
1	160804934	0.08021100000000003
1	160805209	-0.0056638999999999995
1	160805445	-0.010298100000000004
1	160805653	-0.0056638999999999995
1	160805671	-0.0056638999999999995
1	160806611	0.08043899999999998
1	160806625	-0.0032323999999999964
1	160806890	-0.0032323999999999964
1	160807063	-0.0046341
1	160807353	0.01078436
1	160807395	-0.0046341
1	160807409	0.16591400000000006
1	160807621	-0.00231706
1	160807715	0.09133800000000003
1	160807788	-0.00011441999999999963
1	160808668	-0.0032323999999999964
1	160808796	-0.0032323999999999964
1	160808851	-0.00892499
1	160808916	0.0042908700000000004
1	160808991	-0.0056638999999999995
1	160809003	0.094914
1	160809456	-0.0056638999999999995
1	160810351	-0.0056638999999999995
1	160810619	-0.138366
1	160811488	-0.0003432999999999978
1	160811579	0.012758100000000001
1	160811830	-0.09711599999999998
1	160812198	-0.0003432999999999978
1	160812810	0.017277860000000003
1	160813380	-0.0056638999999999995
1	160813408	-0.00600719999999999
1	160813558	-0.040448599999999994
1	160813743	-0.09271099999999999
1	160813763	-0.040334199999999994
1	160813859	-0.013330289999999998
1	160814002	-0.09271099999999999
1	160814420	-0.138366
1	160814624	-0.09050799999999992
1	160814634	-0.08450099999999994
1	160814759	-0.09271099999999999
1	160815097	-0.0003432999999999978
1	160815123	-0.0003432999999999978
1	160815170	-0.09271099999999999
1	160815309	-0.013330289999999998
1	160815360	-0.086704
1	160815762	-0.0056638999999999995
1	160816182	-0.092368
1	160816566	0.0042908700000000004
1	160816620	-0.0034613000000000005
1	160816786	-0.0056638999999999995
1	160816942	-0.08890599999999993
1	160817293	-0.0003432999999999978
1	160817500	-0.08890599999999993
1	160818642	-0.006722389999999999
1	160819137	-0.0056638999999999995
1	160819717	-0.09491399999999994
1	160819726	0.010669930000000001
1	160819956	0.0361863
1	160820299	-0.0056638999999999995
1	160820556	-0.040448599999999994
1	160820808	-0.09271099999999999
1	160820809	-0.0003432999999999978
1	160820848	-0.0003432999999999978
1	160820980	-0.091109
1	160821630	-0.08704699999999999
1	160821667	-0.09308299999999992
1	160822745	-0.020624799999999992
1	160823363	-0.09271099999999999
1	160823812	-0.09271099999999999
1	160823826	-0.09491399999999994
1	160824293	-0.0034613000000000005
1	160825253	-0.07975299999999996
1	160825313	-0.08450099999999994
1	160825635	-0.003575700000000001
1	160825706	-0.07580500000000001
1	160825915	-0.169975
1	160826114	-0.169975
1	160826999	0.00208822
1	160827227	-0.16777299999999995
1	160827347	-0.16777299999999995
1	160827379	-0.16777299999999995
1	160827591	-0.16777299999999995
1	160827772	-0.16082199999999996
1	160827946	-0.16336700000000004
1	160828096	-0.16777299999999995
1	160828344	-0.16557
1	160828531	-0.03813149999999999
1	160828602	-0.16777299999999995
1	160828967	-0.16336700000000004
1	160828972	-0.020624799999999992
1	160828976	-0.16336700000000004
1	160828982	-0.15687400000000007
1	160829051	-0.16557
1	160829298	-0.16777299999999995
1	160829681	-0.16557
1	160829705	-0.16777299999999995
1	160829889	-0.16557
1	160830268	-0.16777299999999995
1	160830317	-0.16557
1	160830662	-0.16777299999999995
1	160830916	-0.203702
1	160830974	-0.15907700000000002
1	160831048	0.09256800000000001
1	160831294	-0.16336700000000004
1	160831354	-0.16336700000000004
1	160831391	-0.03813149999999999
1	160831792	-0.0025459000000000002
1	160831855	0.00208822
1	160831856	-0.152354
1	160831859	-0.152354
1	160831866	-0.152354
1	160832646	-0.18550900000000003
1	160832777	-0.18330599999999997
1	160832799	-0.18330599999999997
1	160832861	-0.192002
1	160832886	0.0042908700000000004
1	160833325	0.017277860000000003
1	160833526	-0.18550900000000003
1	160833745	-0.0156474
1	160833805	-0.18550900000000003
1	160834007	-0.18771100000000007
1	160834841	0.0042908700000000004
1	160834881	-0.18342000000000003
1	160835351	-0.18771100000000007
1	160835583	-0.18550900000000003
1	160835587	-0.182962
1	160836714	-0.18991400000000003
1	160836928	-0.18991400000000003
1	160837531	0.12969800000000004
1	160837622	-0.18342000000000003
1	160837812	-0.17901500000000004
1	160837905	-0.17901500000000004
1	160838063	-0.0025459000000000002
1	160838107	-0.17901500000000004
1	160838198	-0.04502499999999998
1	160838810	-0.0361576
1	160838884	0.18516499999999997
1	160838953	0.18296199999999996
1	160839329	0.18075999999999998
